Model: LogisticRegression
Fit Duration: 50.296423
Validation Set
Predict Duration: 0.415435
Reduce Labels Rate: 0
f1 micro: 0.8160286325835995
f1 macro: 0.44287794923413687
Classification Report:
              precision    recall  f1-score   support

           0       0.96      0.94      0.95      4585
           1       0.89      0.91      0.90      4336
           2       0.78      0.74      0.76      2347
           3       0.70      0.50      0.59      1235
           4       0.89      0.44      0.58       402
           5       0.86      0.44      0.58       285
           6       0.90      0.52      0.66       239
           7       0.89      0.26      0.40       197
           8       0.71      0.38      0.50       104
           9       0.93      0.60      0.73       105
          10       0.87      0.28      0.42        93
          11       0.96      0.33      0.49        82
          12       0.91      0.31      0.46        97
          13       1.00      0.32      0.49        77
          14       1.00      0.24      0.38        51
          15       0.95      0.35      0.51        51
          16       0.76      0.42      0.54        59
          17       1.00      0.29      0.44        63
          18       1.00      0.27      0.43        44
          19       1.00      0.10      0.19        29
          20       1.00      0.08      0.15        51
          21       1.00      0.08      0.15        51
          22       0.90      0.20      0.32        46
          23       1.00      0.33      0.50        45
          24       1.00      0.38      0.55        32
          25       1.00      0.08      0.15        37
          26       1.00      0.14      0.24        29
          27       1.00      0.14      0.24        29
          28       1.00      0.26      0.41        27
          29       1.00      0.21      0.35        28
          30       0.83      0.23      0.36        22
          31       1.00      0.33      0.50        33
          32       1.00      0.18      0.30        28
          33       1.00      0.30      0.46        30
          34       1.00      0.35      0.52        20
          35       1.00      0.50      0.67        24
          36       1.00      0.40      0.57        15
          37       1.00      0.50      0.67        10
          38       1.00      0.09      0.17        11
          39       1.00      0.18      0.31        11
          40       1.00      0.53      0.69        17
          41       1.00      0.33      0.50        18
          42       1.00      0.11      0.20        18
          43       1.00      0.65      0.79        20
          44       0.75      0.23      0.35        13
          45       1.00      0.12      0.22         8
          46       1.00      0.17      0.29         6
          47       0.70      0.47      0.56        15
          48       1.00      0.29      0.44        14
          49       1.00      0.50      0.67         4
          50       1.00      0.25      0.40         8
          51       1.00      0.57      0.73         7
          52       1.00      0.25      0.40         4
          53       0.83      0.71      0.77         7
          54       0.00      0.00      0.00        12
          55       0.60      0.43      0.50         7
          56       1.00      0.25      0.40         4
          57       1.00      0.50      0.67         6
          58       0.67      1.00      0.80         2
          59       1.00      1.00      1.00         1
          60       1.00      0.17      0.29         6
          61       0.67      0.67      0.67         3
          62       1.00      0.12      0.22         8
          63       1.00      0.50      0.67         2
          64       1.00      0.25      0.40         4
          65       0.50      0.09      0.15        11
          66       1.00      0.25      0.40         4
          67       1.00      0.86      0.92         7
          68       1.00      0.40      0.57         5
          69       1.00      1.00      1.00         2
          70       0.00      0.00      0.00         4
          71       1.00      0.67      0.80         3
          72       1.00      0.75      0.86         4
          73       0.00      0.00      0.00         4
          74       0.00      0.00      0.00         3
          75       0.00      0.00      0.00         1
          76       1.00      0.33      0.50         3
          77       1.00      0.40      0.57         5
          78       1.00      0.17      0.29         6
          79       1.00      0.67      0.80         3
          80       0.00      0.00      0.00         1
          81       1.00      0.33      0.50         3
          82       0.00      0.00      0.00         0
          83       0.00      0.00      0.00         2
          84       1.00      0.25      0.40         4
          85       0.00      0.00      0.00         2
          86       0.00      0.00      0.00         2
          87       0.00      0.00      0.00         0

   micro avg       0.88      0.76      0.82     15353
   macro avg       0.82      0.34      0.44     15353
weighted avg       0.88      0.76      0.79     15353
 samples avg       0.90      0.83      0.83     15353

Test Set
Predict Duration: 0.348481
Reduce Labels Rate: 0
f1 micro: 0.8143137529791111
f1 macro: 0.43672103460167866
Classification Report:
              precision    recall  f1-score   support

           0       0.96      0.94      0.95      4530
           1       0.90      0.91      0.90      4412
           2       0.77      0.73      0.75      2343
           3       0.71      0.51      0.59      1230
           4       0.91      0.38      0.53       377
           5       0.88      0.39      0.54       294
           6       0.90      0.56      0.69       232
           7       0.97      0.30      0.46       232
           8       0.85      0.39      0.54       117
           9       1.00      0.59      0.74        97
          10       0.82      0.28      0.41        98
          11       0.94      0.30      0.46        99
          12       1.00      0.30      0.46        80
          13       1.00      0.31      0.47        84
          14       0.90      0.27      0.42        66
          15       0.93      0.33      0.49        84
          16       0.89      0.55      0.68        58
          17       1.00      0.26      0.42        53
          18       1.00      0.32      0.48        50
          19       1.00      0.39      0.56        51
          20       1.00      0.13      0.23        31
          21       1.00      0.13      0.23        31
          22       1.00      0.16      0.28        43
          23       1.00      0.20      0.33        45
          24       1.00      0.38      0.55        34
          25       1.00      0.11      0.20        36
          26       1.00      0.10      0.19        29
          27       1.00      0.10      0.19        29
          28       1.00      0.30      0.47        33
          29       1.00      0.25      0.40        32
          30       0.90      0.36      0.51        25
          31       1.00      0.46      0.63        24
          32       1.00      0.26      0.41        31
          33       1.00      0.33      0.50        24
          34       1.00      0.50      0.67        24
          35       1.00      0.57      0.73        14
          36       1.00      0.35      0.52        17
          37       0.83      0.29      0.43        17
          38       1.00      0.35      0.52        23
          39       0.00      0.00      0.00        12
          40       1.00      0.50      0.67        10
          41       1.00      0.09      0.17        11
          42       1.00      0.23      0.38        13
          43       1.00      0.75      0.86        12
          44       0.75      0.27      0.40        11
          45       0.75      0.25      0.38        12
          46       1.00      0.38      0.56        13
          47       0.67      0.50      0.57         4
          48       1.00      0.22      0.36         9
          49       0.67      0.44      0.53         9
          50       1.00      0.33      0.50         9
          51       1.00      0.12      0.22         8
          52       1.00      0.60      0.75        10
          53       1.00      0.70      0.82        10
          54       1.00      0.20      0.33         5
          55       1.00      0.33      0.50         9
          56       1.00      0.17      0.29         6
          57       1.00      0.17      0.29         6
          58       1.00      0.38      0.55         8
          59       1.00      0.50      0.67         2
          60       1.00      0.17      0.29        12
          61       0.50      0.25      0.33         4
          62       1.00      0.25      0.40         4
          63       0.17      0.33      0.22         3
          64       0.67      0.40      0.50         5
          65       0.00      0.00      0.00        10
          66       1.00      0.20      0.33         5
          67       1.00      0.60      0.75         5
          68       1.00      0.50      0.67         4
          69       1.00      0.33      0.50         3
          70       0.00      0.00      0.00         4
          71       0.00      0.00      0.00         2
          72       1.00      0.29      0.44         7
          73       0.50      0.67      0.57         3
          74       0.00      0.00      0.00         3
          75       1.00      0.50      0.67         2
          76       1.00      0.40      0.57         5
          77       0.00      0.00      0.00         5
          78       1.00      0.33      0.50         3
          79       1.00      0.67      0.80         3
          80       0.00      0.00      0.00         3
          81       0.00      0.00      0.00         2
          82       0.00      0.00      0.00         1
          83       1.00      0.50      0.67         6
          84       0.00      0.00      0.00         0
          85       1.00      0.25      0.40         4
          86       1.00      0.33      0.50         3
          87       0.00      0.00      0.00         0

   micro avg       0.89      0.75      0.81     15429
   macro avg       0.82      0.32      0.44     15429
weighted avg       0.89      0.75      0.79     15429
 samples avg       0.90      0.82      0.83     15429

--------------------------------------------------

